$ANSIBLE_VAULT;1.1;AES256
64643837656333383134636461633130386434343131303738396136636462363637323163323032
6263376430363261636262656461613435336235303439630a616133303438396236383964323363
31356137663234376535623262343435396366383832363462633035346233663836386564353338
3364613237623836640a393131623563323931333234343831376363643631303337313133356561
61326230633634303963643433383735343130623637636165613237653330626263363037653639
36613832393964323731373165366366623531616561663233393830656337363161326263393166
66346437333738373236636265366333393636313439633732363831633639303931666333333631
30333565666233663835633562386466313562393664346133373130653636393564306439663564
66663039396235643365636361373063623131333863306466346630396663383738666661643234
66316330666563316134343464353363663935396234313339346461633662386536336432613466
38663366623736303735323064363734633239623830373466616433326264636232373432373336
30383965646535343438623062623139656336306264323435613361386636363536623838666433
30346366353361653234393338653438613736363963616237313461363539383830336134613961
3539653638666336633236356535343336373735653730303239
